1593778610907

0
1842
1844
1845
1843
1847
1842
1843
1845
1846
1846
1845
1844
1844
1845
1845
1843
1843
1847
1845
1847
1847
1847
1846
1849
1844
1847
1845
1846
1844
1847
1843
1845
1845
1845
1845
1845
1846
1845
1847
1852
1850
1853
1857
1855
1856
1856
1855
1856
1855
1856
1853
1857
1854
1858
1856
1860
1857
1859
1857
1858
1859
1856
1858
1856
1856
1857
1858
1857
1856
1857
1853
1857
1854
1860
1860
1860
1854
1861
1857
1862
1856
1860
1859
1860
1859
1859
1858
1858
1858
1857
1858
1854
1858
1854
1860
1855
1860
1853
1854
1859
1853
1855
1855
1856
1855
1857
1856
1853
1850
1854
1855
1853
1853
1853
1851
1850
1857
1853
1855
1851
1857
1853
1854
1850
1849
1848
1848
1852
1851
1851
1850
1853
1848
1854
1849
1852
1849
1852
1851
1851
1851
1850
1851
1851
1852
1851
1851
1853
1851
1852
1850
1852
1849
1852
1849
1853
1850
1853
1851
1854
1852
1854
1853
1854
1855
1856
1860
1862
1862
1862
1861
1862
1863
1859
1860
1866
1858
1862
1856
1863
1861
1861
1857
1860
1862
1864
1863
1864
1860
1863
1861
1863
1862
1859
1864
1860
1864
1862
1869
1866
1864
1869
1870
1875
1870
1879
1879
1884
1888
1895
1897
1897
1894
1902
1893
1904
1903
1910
1912
1914
1913
1913
1904
1902
1903
1896
1895
1895
1895
1889
1889
1888
1887
1880
1886
1881
1881
1886
1877
1881
1882
1883
1883
1882
1883
1887
1890
1890
1892
1894
1893
1893
1892
1892
1888
1888
1887
1888
1888
1884
1885
1884
1885
1885
1887
1880
1883
1881
1882
1882
1881
1883
1876
1883
1879
1884
1879
1881
1880
1882
1882
1883
1885
1886
1885
1886
1885
1886
1888
1885
1882
1883
1885
1881
1883
1883
1875
1881
1878
1881
1878
1879
1885
1882
1879
1880
1879
1878
1877
1876
1878
1872
1877
1875
1879
1869
1876
1876
1876
1875
1877
1874
1876
1878
1875
1876
1876
1876
1873
1875
1874
1877
1876
1874
1876
1874
1873
1874
1875
1873
1877
1874
1875
1873
1873
1877
1873
1879
1873
1876
1876
1882
1877
1880
1875
1879
1874
1874
1876
1873
1875
1876
1875
1880
1878
1876
1875
1871
1876
1873
1873
1875
1876
1874
1877
1874
1876
1874
1876
1876
1874
1872
1875
1874
1874
1878
1876
1879
1876
1880
1873
1877
1873
1879
1873
1879
1873
1876
1874
1874
1874
1873
1874
1880
1882
1880
1880
1879
1879
1880
1879
1880
1879
1883
1875
1881
1877
1879
1879
1881
1880
1878
1879
1877
1877
1879
1881
1878
1879
1874
1878
1875
1881
1877
1875
1876
1880
1877
1879
1876
1880
1874
1880
1878
1878
1876
1877
1879
1875
1881
1875
1878
1872
1874
1879
1877
1877
1877
1873
1875
1873
1876
1874
1877
1873
1877
1875
1874
1875
1875
1874
1878
1875
1871
1874
1871
1873
1873
1874
1873
1875
1874
1877
1873
1875
1873
1873
1873
1876
1875
1873
1874
1873
1875
1874
1872
1878
1878
1881
1879
1878
1878
1876
1879
1875
1878
1878
1877
1875
1878
1874
1881
1873
1878
1873
1872
1882
1874
1881
1876
1874
1876
1878
1872
1874
1872
1870
1873
1870
1873
1868
1872
1867
1868
1868
1869
1866
1869
1870
1870
1869
1870
1865
1870
1869
1867
1868
1867
1871
1868
1872
1867
1872
1868
1870
1867
1870
1868
1868
1863
1870
1869
1871
1866
1865
1869
1865
1870
1866
1870
1869
1869
1867
1869
1865
1873
1866
1869
1864
1868
1871
1867
1866
1863
1871
1871
1872
1872
1874
1876
1874
1869
1878
1875
1878
1878
1893
1876
1874
1873
1871
1874
1874
1870
1871
1873
1871
1873
1871
1870
1871
1869
1870
1867
1871
1866
1870
1866
1869
1864
1866
1863
1867
1864
1868
1867
1873
1872
1876
1878
1890
1894
1894
1895
1890
1886
1883
1889
1884
1888
1883
1887
1881
1883
1884
1885
1881
1885
1881
1882
1881
1881
1882
1879
1880
1878
1878
1877
1878
1874
1879
1874
1877
1873
1875
1873
1874
1872
1873
1873
1872
1872
1871
1872
1870
1873
1870
1871
1869
1871
1868
1871
1869
1870
1869
1870
1868
1868
1868
1868
1868
1868
1868
1867
1868
1868
1870
1866
1870
1866
1869
1866
1868
1867
1867
1866
1866
1867
1867
1868
1866
1868
1865
1868
1865
1868
1866
1868
1865
1875
1873
1873
1871
1873
1872
1870
1872
1871
1873
1871
1872
1871
1874
1870
1874
1871
1873
1871
1871
1871
1870
1871
1871
1872
1871
1870
1870
1870
1871
1869
1873
1871
1874
1871
1876
1873
1877
1874
1877
1876
1878
1877
1878
1878
1878
1879
1877
1878
1877
1878
1876
1879
1875
1879
1877
1876
1876
1877
1877
1876
1877
1876
1875
1872
1874
1872
1873
1870
1872
1869
1871
1871
1867
1868
1866
1865
1865
1865
1864
1865
1862
1864
1862
1864
1862
1864
1864
1863
1861
1865
1861
1862
1861
1862
1862
1860
1860
1861
1859
1861
1859
1862
1858
1862
1858
1861
1858
1860
1863
1865
1864
1865
1864
1864
1865
1866
1865
1866
1866
1868
1867
1870
1868
1873
1868
1870
1867
1870
1867
1868
1867
1868
1868
1867
1868
1866
1868
1866
1868
1865
1868
1864
1868
1866
1864
1865
1864
1864
1864
1864
1863
1863
1863
1863
1860
1862
1858
1862
1856
1860
1855
1858
1854
1856
1853
1853
1851
1851
1852
1850
1850
1849
1850
1849
1851
1849
1851
1849
1852
1848
1851
1849
1850
1849
1849
1849
1848
1847
1847
1847
1845
1847
1844
1846
1842
1845
1842
1845
1842
1843
1842
1842
1842
1841
1842
1841
1841
1839
1841
1844
1845
1842
1848
1844
1846
1843
1845
1843
1843
1843
1843
1842
1842
1845
1841
1842
1839
1842
1839
1842
1839
1841
1838
1840
1839
1840
1839
1839
1838
1839
1841
1838
1840
1838
1844
1837
1838
1838
1840
1837
1839
1837
1838
1837
1837
1836
1836
1836
1836
1837
1835
1836
1836
1836
1835
1838
1838
1837
1837
1837
1835
1834
1836
1838
1837
1841
1841
1841
1840
1834
1840
1838
1842
1838
1840
1836
1839
1836
1838
1836
1838
1839
1840
1842
1842
1845
1844
1843
1844
1847
1844
1844
1846
1844
1843
1846
1843
1843
1842
1842
1841
1841
1842
1841
1841
1842
1841
1842
1842
1842
1840
1842
1840
1844
1840
1844
1842
1844
1841
1842
1840
1840
1840
1839
1838
1842
1843
1842
1844
1843
1844
1842
1844
1842
1844
1841
1843
1840
1843
1840
1843
1840
1840
1840
1839
1840
1839
1840
1838
1839
1837
1839
1836
1839
1836
1839
1836
1839
1836
1837
1836
1837
1835
1835
1834
1834
1834
1833
1833
1831
1834
1830
1833
1829
1833
1829
1832
1829
1830
1828
1830
1827
1827
1826
1826
1826
1824
1824
1822
1823
1820
1822
1819
1820
1816
1819
1817
1819
1815
1817
1815
1815
1815
1813
1815
1813
1813
1814
1814
1813
1813
1814
1812
1813
1811
1814
1811
1812
1810
1812
1811
1812
1810
1811
1809
1811
1810
1811
1810
1810
1810
1808
1810
1808
1809
1807
1810
1807
1810
1807
1809
1806
1809
1806
1808
1807
1807
1807
1807
1807
1806
1807
1806
1807
1805
1808
1805
1808
1804
1807
1804
1806
1804
1805
1802
1805
1803
1804
1802
1802
1802
1802
1802
1801
1802
1800
1801
1798
1802
1798
1801
1797
1801
1798
1801
1797
1799
1797
1797
1796
1796
1796
1795
1796
1795
1797
1796
1799
1797
1801
1800
1805
1803
1807
1804
1806
1804
1806
1803
1803
1802
1803
1802
1802
1803
1804
1803
1802
1802
1803
1802
1801
1800
1800
1803
1799
1802
1800
1802
1798
1800
1798
1799
1800
1800
1800
1799
1799
1798
1799
1798
1800
1797
1800
1797
1799
1796
1799
1796
1798
1794
1796
1795
1794
1795
1794
1794
1794
1795
1793
1794
1792
1793
1792
1794
1791
1793
1790
1793
1790
1792
1790
1792
1790
1791
1791
1790
1793
1791
1791
1793
1793
1789
1790
1789
1790
1789
1790
1787
1790
1789
1789
1787
1790
1787
1787
1786
1787
1787
1786
1787
1787
1787
1786
1786
1784
1787
1784
1790
1784
1786
1784
1789
1783
1785
1784
1786
1780
1782
1784
1782
1783
1782
1786
1782
1783
1780
1779
1781
1785
1783
1788
1785
1784
1788
1785
1786
1783
1783
1784
1782
1780
1779
1781
1781
1779
1777
1778
1778
1776
1779
1777
1780
1776
1779
1778
1777
1771
1773
1774
1775
1775
1773
1775
1772
1773
1771
1771
1767
1771
1773
1770
1774
1772
1766
1771
1769
1770
1767
1770
1769
1770
1768
1766
1767
1768
1766
1764
1763
1760
1763
1770
1765
1766
1763
1767
1765
1767
1767
1769
1766
1767
1766
1766
1765
1763
1763
1761
1763
1758
1760
