1594020845886

0
1473
1475
1476
1475
1474
1474
1474
1475
1476
1469
1468
1470
1466
1473
1474
1473
1474
1472
1471
1468
1476
1474
1472
1470
1476
1471
1476
1476
1467
1478
1476
1472
1470
1468
1474
1471
1471
1470
1477
1474
1476
1476
1478
1476
1474
1477
1478
1475
1477
1473
1474
1471
1467
1471
1472
1476
1472
1477
1472
1466
1474
1469
1473
1473
1475
1470
1470
1467
1473
1475
1471
1474
1472
1473
1479
1477
1475
1473
1474
1468
1471
1471
1473
1472
1474
1472
1475
1469
1467
1467
1474
1471
1472
1474
1469
1474
1477
1475
1469
1468
1472
1467
1474
1472
1468
1466
1467
1472
1474
1471
1467
1473
1470
1470
1474
1472
1464
1471
1468
1467
1467
1469
1470
1470
1466
1466
1466
1467
1466
1471
1465
1470
1465
1471
1466
1471
1469
1472
1466
1461
1466
1464
1466
1469
1464
1465
1466
1464
1462
1463
1469
1465
1467
1465
1467
1470
1467
1462
1469
1466
1468
1465
1466
1470
1461
1466
1468
1466
1471
1462
1467
1468
1462
1465
1461
1463
1467
1465
1463
1464
1464
1469
1469
1469
1467
1463
1462
1468
1459
1468
1463
1466
1462
1457
1463
1464
1467
1468
1467
1462
1462
1468
1463
1462
1461
1466
1460
1462
1465
1466
1461
1465
1464
1460
1462
1465
1463
1464
1463
1461
1464
1466
1460
1467
1465
1465
1466
1468
1465
1471
1472
1469
1465
1468
1463
1467
1468
1467
1468
1466
1466
1461
1466
1461
1463
1468
1467
1466
1465
1466
1464
1468
1464
1469
1467
1466
1467
1463
1463
1461
1469
1466
1464
1464
1470
1468
1460
1467
1467
1464
1462
1462
1461
1461
1461
1462
1462
1463
1465
1460
1460
1463
1467
1465
1461
1463
1463
1461
1465
1465
1461
1466
1466
1463
1463
1464
1466
1462
1462
1464
1460
1464
1464
1459
1462
1461
1460
1467
1459
1464
1462
1463
1461
1465
1461
1462
1465
1465
1465
1465
1464
1459
1457
1464
1460
1459
1465
1461
1460
1462
1458
1456
1457
1463
1460
1462
1458
1457
1462
1463
1463
1456
1459
1454
1460
1458
1461
1458
1453
1454
1458
1462
1462
1461
1460
1460
1457
1456
1457
1458
1463
1462
1459
1456
1461
1458
1455
1460
1457
1458
1460
1461
1460
1458
1459
1452
1457
1458
1451
1457
1461
1460
1455
1456
1457
1454
1455
1459
1458
1458
1457
1458
1454
1452
1450
1457
1460
1461
1458
1456
1451
1452
1456
1453
1455
1459
1456
1455
1459
1455
1460
1458
1463
1458
1458
1458
1462
1462
1461
1464
1463
1461
1459
1462
1460
1460
1467
1467
1463
1457
1457
1462
1460
1463
1468
1457
1467
1464
1467
1460
1466
1466
1463
1460
1464
1464
1463
1459
1457
1461
1460
1457
1460
1466
1459
1461
1462
1459
1457
1464
1464
1456
1456
1461
1460
1455
1460
1459
1455
1461
1457
1454
1453
1463
1460
1452
1460
1458
1460
1458
1456
1458
1459
1460
1453
1453
1454
1455
1454
1455
1459
1458
1458
1452
1454
1455
1459
1460
1453
1460
1459
1454
1460
1456
1456
1458
1452
1458
1459
1460
1459
1455
1453
1455
1455
1454
1457
1453
1452
1454
1455
1459
1457
1456
1453
1456
1457
1451
1456
1458
1458
1452
1454
1451
1458
1455
1461
1452
1456
1451
1452
1458
1465
1461
1460
1459
1459
1463
1456
1462
1459
1460
1457
1459
1458
1456
1459
1462
1452
1452
1455
1455
1455
1456
1459
1458
1460
1454
1462
1460
1463
1456
1456
1463
1455
1459
1455
1455
1455
1454
1454
1457
1460
1459
1455
1458
1452
1459
1459
1463
1459
1459
1456
1458
1456
1455
1461
1460
1453
1461
1454
1455
1456
1459
1456
1452
1456
1460
1455
1459
1459
1460
1454
1455
1457
1450
1458
1456
1458
1454
1454
1456
1454
1454
1458
1454
1452
1466
1460
1453
1455
1455
1452
1454
1460
1454
1454
1461
1454
1453
1459
1462
1461
1459
1461
1457
1456
1459
1457
1462
1463
1456
1450
1454
1455
1462
1458
1459
1457
1456
1456
1456
1459
1460
1458
1455
1456
1453
1454
1457
1458
1457
1457
1458
1455
1454
1463
1464
1459
1459
1457
1460
1460
1457
1466
1454
1461
1455
1461
1461
1458
1463
1457
1455
1463
1458
1454
1463
1457
1460
1455
1454
1454
1455
1459
1460
1462
1457
1455
1456
1466
1463
1457
1461
1462
1460
1460
1461
1462
1459
1458
1458
1460
1455
1455
1466
1462
1466
1459
1460
1457
1462
1465
1460
1456
1465
1454
1453
1455
1457
1458
1458
1458
1457
1458
1459
1459
1458
1464
1463
1459
1461
1455
1459
1459
1457
1460
1459
1462
1447
1449
1457
1457
1455
1451
1455
1450
1453
1452
1459
1462
1454
1454
1454
1461
1456
1459
1459
1456
1458
1456
1454
1457
1460
1458
1462
1450
1456
1454
1455
1459
1457
1458
1453
1451
1454
1464
1457
1459
1458
1458
1456
1459
1461
1462
1462
1458
1453
1453
1459
1461
1457
1459
1465
1460
1462
1460
1466
1462
1461
1454
1450
1457
1454
1456
1458
1453
1458
1453
1452
1459
1458
1451
1454
1452
1460
1448
1460
1452
1455
1456
1453
1457
1455
1449
1455
1451
1452
1454
1455
1452
1456
1460
1453
1460
1461
1459
1458
1460
1453
1459
1462
1461
1460
1453
1448
1453
1451
1450
1450
1452
1453
1447
1450
1456
1456
1457
1446
1447
1446
1450
1449
1451
1444
1451
1445
1438
1447
1454
1448
1448
1452
1445
1450
1445
1447
1451
1440
1444
1447
1443
1456
1458
1446
1447
1449
1454
1453
1455
1455
1452
1436
1433
1436
1436
1438
1437
1430
1436
1438
1434
1439
1433
1436
1438
1427
1433
1431
1442
1444
1438
1441
1435
1437
1438
1437
